0.789478 1.811156 441.917780 A4-1._HANE-n1 
1.904036 2.368435 785.693517 G5-1._HANE-n2 
2.507755 4.086712 662.850554 E5-1._HANE-n3 
4.179592 5.015510 735.959836 F5#4-1._HANE-n4 
5.061950 5.061950 662.850554 E5-1._HANE-n5 
5.154830 5.387029 735.959836 F5#4-1._HANE-n6 
5.479909 5.944308 785.693517 G5-1._HANE-n7 
6.083628 6.594467 662.850554 E5-1._HANE-n8 
6.687347 6.826667 589.246922 D5-1._HANE-n9 
6.919546 7.291066 523.816316 C5-1._HANE-n10 
7.383946 7.894785 589.246922 D5-1._HANE-n11 
7.987664 8.452063 523.816316 C5-1._HANE-n12 
8.544943 8.637823 490.659221 B4b1-1._HANE-n13 
8.684263 8.730703 523.816316 C5-1._HANE-n14 
8.777143 9.009342 490.659221 B4b1-1._HANE-n15 
9.102222 9.380862 490.659221 B4b1-1._HANE-n16 
9.427302 9.473741 441.917780 A4-1._HANE-n17 
9.520181 10.216780 441.917780 A4-1._HANE-n18 
10.309660 10.495420 589.246922 D5-1._HANE-n19 
10.588299 10.913379 523.816316 C5-1._HANE-n20 
11.006259 11.563537 589.246922 D5-1._HANE-n21 
11.656417 12.678095 662.850554 E5-1._HANE-n22 
12.724535 12.956735 662.850554 E5-1._HANE-n23 
13.049615 13.421134 589.246922 D5-1._HANE-n24 
13.467574 14.117732 662.850554 E5-1._HANE-n25 
14.210612 14.721451 662.850554 E5-1._HANE-n26 
14.860771 15.278730 589.246922 D5-1._HANE-n27 
15.371610 17.043447 735.959836 F5#4-1._HANE-n28 
17.136327 17.136327 785.693517 G5-1._HANE-n29 
17.182766 17.229206 735.959836 F5#4-1._HANE-n30 
17.275646 17.322086 662.850554 E5-1._HANE-n31 
17.368526 18.111565 589.246922 D5-1._HANE-n32 
18.204444 18.204444 662.850554 E5-1._HANE-n33 
18.250884 18.668844 735.959836 F5#4-1._HANE-n34 
18.808163 20.201361 785.693517 G5-1._HANE-n35 
20.247800 21.826757 785.693517 G5-1._HANE-n36 
21.919637 21.919637 735.959836 F5#4-1._HANE-n37 
21.966077 22.337596 785.693517 G5-1._HANE-n38 
22.430476 22.662676 735.959836 F5#4-1._HANE-n39 
22.801995 24.148753 662.850554 E5-1._HANE-n40 
24.241633 24.241633 589.246922 D5-1._HANE-n41 
24.334512 24.659592 883.835560 A5-1._HANE-n42 
24.752472 25.588390 785.693517 G5-1._HANE-n43 
25.634830 25.774150 735.959836 F5#4-1._HANE-n44 
25.820590 26.284989 735.959836 F5#4-1._HANE-n45 
26.377868 26.749388 662.850554 E5-1._HANE-n46 
26.795828 26.842268 785.693517 G5-1._HANE-n47 
26.888707 27.306667 735.959836 F5#4-1._HANE-n48 
27.353107 27.631746 662.850554 E5-1._HANE-n49 
27.724626 29.164263 662.850554 E5-1._HANE-n50 
29.210703 29.721542 589.246922 D5-1._HANE-n51 
29.814422 31.161179 883.835560 A5-1._HANE-n52 
31.254059 31.439819 735.959836 F5#4-1._HANE-n53 
31.532698 31.857778 785.693517 G5-1._HANE-n54 
31.950658 32.368617 883.835560 A5-1._HANE-n55 
32.461497 32.693696 785.693517 G5-1._HANE-n56 
32.786576 33.343855 735.959836 F5#4-1._HANE-n57 
33.390295 34.551293 662.850554 E5-1._HANE-n58 
34.597732 35.062132 785.693517 G5-1._HANE-n59 
35.155011 35.758730 707.643758 F5#1-1._HANE-n60 
35.805170 35.944490 662.850554 E5-1._HANE-n61 
35.990930 36.316009 589.246922 D5-1._HANE-n62 
36.408889 36.919728 551.948130 C5#4-1._HANE-n63 
36.966168 37.848526 589.246922 D5-1._HANE-n64 
37.941406 38.266485 662.850554 E5-1._HANE-n65 
38.312925 38.730884 735.959836 F5#4-1._HANE-n66 
38.823764 39.984762 662.850554 E5-1._HANE-n67 
40.077642 40.077642 735.959836 F5#4-1._HANE-n68 
40.124082 40.449161 785.693517 G5-1._HANE-n69 
40.495601 40.774240 735.959836 F5#4-1._HANE-n70 
40.960000 41.377959 994.236659 B5-1._HANE-n71 
41.424399 41.842358 883.835560 A5-1._HANE-n72 
41.935238 42.353197 785.693517 G5-1._HANE-n73 
42.399637 42.631837 735.959836 F5#4-1._HANE-n74 
42.817596 43.003356 662.850554 E5-1._HANE-n75 
43.049796 43.235556 735.959836 F5#4-1._HANE-n76 
43.328435 43.607075 662.850554 E5-1._HANE-n77 
43.746395 44.210794 735.959836 F5#4-1._HANE-n78 
44.303673 44.535873 785.693517 G5-1._HANE-n79 
44.628753 45.046712 883.835560 A5-1._HANE-n80 
45.139592 45.511111 785.693517 G5-1._HANE-n81 
45.557551 46.114830 735.959836 F5#4-1._HANE-n82 
46.161270 46.950748 883.835560 A5-1._HANE-n83 
47.043628 47.322268 785.693517 G5-1._HANE-n84 
47.368707 47.786667 698.449272 F5-1._HANE-n85 
47.879546 48.158186 662.850554 E5-1._HANE-n86 
48.297506 48.622585 589.246922 D5-1._HANE-n87 
48.669025 49.040544 523.816316 C5-1._HANE-n88 
49.086984 49.458503 490.659221 B4b1-1._HANE-n89 
49.504943 51.037460 441.917780 A4-1._HANE-n90 
51.130340 51.501859 785.693517 G5-1._HANE-n91 
51.594739 52.802177 662.850554 E5-1._HANE-n92 
52.848617 53.313016 523.816316 C5-1._HANE-n93 
53.359456 54.613333 589.246922 D5-1._HANE-n94 
54.659773 54.891973 490.659221 B4b1-1._HANE-n95 
54.984853 55.681451 523.816316 C5-1._HANE-n96 
55.774331 55.960091 490.659221 B4b1-1._HANE-n97 
56.052971 56.052971 589.246922 D5-1._HANE-n98 
56.099410 56.238730 523.816316 C5-1._HANE-n99 
56.285170 56.703129 490.659221 B4b1-1._HANE-n100 
56.749569 57.817687 441.917780 A4-1._HANE-n101 
59.582404 59.768163 392.846759 G4-TESLIM-n1 
59.814603 60.279002 441.917780 A4-TESLIM-n2 
60.325442 60.557642 441.917780 A4-TESLIM-n3 
60.604082 61.068481 441.917780 A4-TESLIM-n4 
61.347120 61.904399 785.693517 G5-TESLIM-n5 
61.950839 62.090159 735.959836 F5#4-TESLIM-n6 
62.183039 62.415238 785.693517 G5-TESLIM-n7 
62.508118 63.669116 662.850554 E5-TESLIM-n8 
63.715556 63.808435 589.246922 D5-TESLIM-n9 
63.901315 64.133515 523.816316 C5-TESLIM-n10 
64.226395 65.015873 589.246922 D5-TESLIM-n11 
65.155193 65.433832 662.850554 E5-TESLIM-n12 
65.526712 65.619592 589.246922 D5-TESLIM-n13 
65.712472 65.898231 662.850554 E5-TESLIM-n14 
65.991111 66.176871 589.246922 D5-TESLIM-n15 
66.223311 66.362630 589.246922 D5-TESLIM-n16 
66.409070 67.244989 523.816316 C5-TESLIM-n17 
67.291429 67.755828 490.659221 B4b1-TESLIM-n18 
67.848707 68.220227 441.917780 A4-TESLIM-n19 
68.266667 68.684626 392.846759 G4-TESLIM-n20 
68.777506 69.102585 698.449272 F5-TESLIM-n21 
69.195465 69.288345 662.850554 E5-TESLIM-n22 
69.427664 69.706304 589.246922 D5-TESLIM-n23 
69.799184 70.913741 589.246922 D5-TESLIM-n24 
71.006621 71.424580 523.816316 C5-TESLIM-n25 
71.517460 71.935420 589.246922 D5-TESLIM-n26 
72.028299 72.724898 662.850554 E5-TESLIM-n27 
72.817778 72.957098 589.246922 D5-TESLIM-n28 
73.049977 73.096417 523.816316 C5-TESLIM-n29 
73.142857 74.443175 523.816316 C5-TESLIM-n30 
74.536054 75.511293 490.659221 B4b1-TESLIM-n31 
75.604172 76.532971 589.246922 D5-TESLIM-n32 
76.579410 76.625850 523.816316 C5-TESLIM-n33 
76.672290 76.858050 490.659221 B4b1-TESLIM-n34 
76.904490 78.158367 490.659221 B4b1-TESLIM-n35 
78.251247 78.808526 441.917780 A4-TESLIM-n36 
78.947846 79.876644 523.816316 C5-TESLIM-n37 
79.923084 80.062404 490.659221 B4b1-TESLIM-n38 
80.108844 80.155283 441.917780 A4-TESLIM-n39 
80.201723 80.759002 441.917780 A4-TESLIM-n40 
80.851882 81.316281 589.246922 D5-TESLIM-n41 
81.409161 81.780680 523.816316 C5-TESLIM-n42 
81.873560 82.291519 589.246922 D5-TESLIM-n43 
82.337959 83.266757 441.917780 A4-TESLIM-n44 
83.359637 84.241995 662.850554 E5-TESLIM-n45 
84.334875 85.031474 698.449272 F5-TESLIM-n46 
85.124354 85.402993 662.850554 E5-TESLIM-n47 
85.495873 85.867392 589.246922 D5-TESLIM-n48 
85.960272 86.378231 523.816316 C5-TESLIM-n49 
86.424671 86.796190 490.659221 B4b1-TESLIM-n50 
86.889070 87.307029 441.917780 A4-TESLIM-n51 
87.957188 88.468027 392.846759 G4-2._HANE-n1 
88.653787 89.536145 441.917780 A4-2._HANE-n2 
89.582585 89.907664 441.917780 A4-2._HANE-n3 
90.000544 90.511383 785.693517 G5-2._HANE-n4 
90.557823 90.836463 735.959836 F5#4-2._HANE-n5 
90.882902 91.347302 785.693517 G5-2._HANE-n6 
91.440181 91.811701 662.850554 E5-2._HANE-n7 
91.904580 92.183220 707.643758 F5#1-2._HANE-n8 
92.276100 92.647619 662.850554 E5-2._HANE-n9 
92.740499 93.576417 707.643758 F5#1-2._HANE-n10 
93.715737 94.644535 589.246922 D5-2._HANE-n11 
94.690975 95.108934 662.850554 E5-2._HANE-n12 
95.201814 95.991293 707.643758 F5#1-2._HANE-n13 
96.037732 96.780771 785.693517 G5-2._HANE-n14 
96.873651 97.105850 883.835560 A5-2._HANE-n15 
97.198730 97.245170 785.693517 G5-2._HANE-n16 
97.291610 97.477370 883.835560 A5-2._HANE-n17 
97.570249 97.756009 994.236659 B5-2._HANE-n18 
97.848889 98.173968 883.835560 A5-2._HANE-n19 
98.266848 98.684807 785.693517 G5-2._HANE-n20 
98.777687 99.288526 735.959836 F5#4-2._HANE-n21 
99.334966 99.381406 662.850554 E5-2._HANE-n22 
99.427846 99.938685 735.959836 F5#4-2._HANE-n23 
100.031565 100.495964 785.693517 G5-2._HANE-n24 
100.588844 101.889161 883.835560 A5-2._HANE-n25 
101.982041 102.307120 994.236659 B5-2._HANE-n26 
102.446440 103.700317 785.693517 G5-2._HANE-n27 
103.793197 104.164717 883.835560 A5-2._HANE-n28 
104.257596 104.721995 785.693517 G5-2._HANE-n29 
104.768435 104.814875 735.959836 F5#4-2._HANE-n30 
104.861315 104.954195 662.850554 E5-2._HANE-n31 
105.047075 105.279274 735.959836 F5#4-2._HANE-n32 
105.372154 105.975873 785.693517 G5-2._HANE-n33 
106.068753 106.533152 707.643758 F5#1-2._HANE-n34 
106.626032 107.183311 662.850554 E5-2._HANE-n35 
107.276190 107.276190 589.246922 D5-2._HANE-n36 
107.369070 107.694150 662.850554 E5-2._HANE-n37 
107.787029 108.576508 589.246922 D5-2._HANE-n38 
108.669388 109.133787 1047.632631 C6-2._HANE-n39 
109.226667 109.505306 981.318443 B5b1-2._HANE-n40 
109.691066 110.526984 883.835560 A5-2._HANE-n41 
110.619864 110.898503 785.693517 G5-2._HANE-n42 
110.991383 111.362902 735.959836 F5#4-2._HANE-n43 
111.409342 111.734422 981.318443 B5b1-2._HANE-n44 
111.920181 112.663220 785.693517 G5-2._HANE-n45 
112.756100 112.941859 735.959836 F5#4-2._HANE-n46 
112.988299 113.499138 735.959836 F5#4-2._HANE-n47 
113.545578 113.824218 662.850554 E5-2._HANE-n48 
113.917098 114.474376 785.693517 G5-2._HANE-n49 
114.520816 114.520816 735.959836 F5#4-2._HANE-n50 
114.613696 114.845896 662.850554 E5-2._HANE-n51 
114.892336 116.331973 662.850554 E5-2._HANE-n52 
116.471293 116.842812 883.835560 A5-2._HANE-n53 
116.935692 118.375329 662.850554 E5-2._HANE-n54 
118.468209 118.793288 589.246922 D5-2._HANE-n55 
118.839728 119.350567 662.850554 E5-2._HANE-n56 
119.443447 119.629206 589.246922 D5-2._HANE-n57 
119.722086 119.907846 523.816316 C5-2._HANE-n58 
120.000726 120.325805 589.246922 D5-2._HANE-n59 
120.418685 121.161723 589.246922 D5-2._HANE-n60 
121.254603 121.393923 523.816316 C5-2._HANE-n61 
121.440363 121.719002 490.659221 B4b1-2._HANE-n62 
121.858322 122.044082 523.816316 C5-2._HANE-n63 
122.369161 122.554921 490.659221 B4b1-2._HANE-n64 
122.740680 123.065760 523.816316 C5-2._HANE-n65 
123.158639 123.623039 589.246922 D5-2._HANE-n66 
123.669478 123.762358 589.246922 D5-2._HANE-n67 
123.855238 123.901678 523.816316 C5-2._HANE-n68 
123.948118 125.480635 523.816316 C5-2._HANE-n69 
125.573515 125.945034 589.246922 D5-2._HANE-n70 
126.084354 127.198912 662.850554 E5-2._HANE-n71 
127.291791 127.941950 735.959836 F5#4-2._HANE-n72 
128.034830 128.731429 785.693517 G5-2._HANE-n73 
128.824308 129.195828 707.643758 F5#1-2._HANE-n74 
129.242268 129.520907 662.850554 E5-2._HANE-n75 
129.613787 130.217506 589.246922 D5-2._HANE-n76 
130.310385 130.449705 551.948130 C5#4-2._HANE-n77 
130.496145 130.774785 497.118330 B4-2._HANE-n78 
130.821224 131.239184 551.948130 C5#4-2._HANE-n79 
131.332063 131.796463 589.246922 D5-2._HANE-n80 
131.889342 132.167982 662.850554 E5-2._HANE-n81 
132.307302 132.632381 735.959836 F5#4-2._HANE-n82 
132.725261 134.025578 785.693517 G5-2._HANE-n83 
134.118458 134.118458 883.835560 A5-2._HANE-n84 
134.257778 134.536417 785.693517 G5-2._HANE-n85 
134.629297 135.047256 707.643758 F5#1-2._HANE-n86 
135.140136 135.325896 662.850554 E5-2._HANE-n87 
135.465215 135.836735 589.246922 D5-2._HANE-n88 
135.883175 136.208254 523.816316 C5-2._HANE-n89 
136.394014 137.833651 490.659221 B4b1-2._HANE-n90 
137.880091 137.880091 441.917780 A4-2._HANE-n91 
137.972971 138.716009 785.693517 G5-2._HANE-n92 
138.808889 140.387846 662.850554 E5-2._HANE-n93 
140.434286 140.434286 523.816316 C5-2._HANE-n94 
140.527166 141.827483 589.246922 D5-2._HANE-n95 
141.920363 142.106122 490.659221 B4b1-2._HANE-n96 
142.199002 142.756281 523.816316 C5-2._HANE-n97 
142.849161 142.988481 490.659221 B4b1-2._HANE-n98 
143.081361 143.545760 589.246922 D5-2._HANE-n99 
143.638639 143.638639 523.816316 C5-2._HANE-n100 
143.685079 144.103039 490.659221 B4b1-2._HANE-n101 
144.149478 145.403356 441.917780 A4-2._HANE-n102 
146.982313 147.168073 392.846759 G4-TESLIM-n1 
147.214512 147.632472 441.917780 A4-TESLIM-n2 
147.678912 147.957551 441.917780 A4-TESLIM-n3 
148.003991 148.700590 441.917780 A4-TESLIM-n4 
148.793469 149.025669 785.693517 G5-TESLIM-n5 
149.118549 149.304308 735.959836 F5#4-TESLIM-n6 
149.350748 149.490068 785.693517 G5-TESLIM-n7 
149.675828 150.836825 662.850554 E5-TESLIM-n8 
150.929705 151.022585 589.246922 D5-TESLIM-n9 
151.161905 151.440544 523.816316 C5-TESLIM-n10 
151.533424 152.555102 589.246922 D5-TESLIM-n11 
152.601542 152.601542 662.850554 E5-TESLIM-n12 
152.694422 152.880181 589.246922 D5-TESLIM-n13 
152.973061 153.158821 662.850554 E5-TESLIM-n14 
153.205261 153.391020 589.246922 D5-TESLIM-n15 
153.437460 153.576780 589.246922 D5-TESLIM-n16 
153.669660 154.598458 523.816316 C5-TESLIM-n17 
154.691338 155.062857 490.659221 B4b1-TESLIM-n18 
155.109297 155.387937 441.917780 A4-TESLIM-n19 
155.480816 156.316735 392.846759 G4-TESLIM-n20 
156.363175 156.363175 698.449272 F5-TESLIM-n21 
156.456054 156.548934 662.850554 E5-TESLIM-n22 
156.641814 156.874014 589.246922 D5-TESLIM-n23 
156.966893 158.174331 589.246922 D5-TESLIM-n24 
158.220771 158.452971 523.816316 C5-TESLIM-n25 
158.545850 159.335329 589.246922 D5-TESLIM-n26 
159.428209 160.031927 662.850554 E5-TESLIM-n27 
160.078367 160.171247 589.246922 D5-TESLIM-n28 
160.264127 161.796644 523.816316 C5-TESLIM-n29 
161.889524 161.889524 523.816316 C5-TESLIM-n30 
161.935964 162.911202 490.659221 B4b1-TESLIM-n31 
163.004082 163.700680 589.246922 D5-TESLIM-n32 
163.793560 164.257959 523.816316 C5-TESLIM-n33 
164.350839 164.443719 490.659221 B4b1-TESLIM-n34 
164.490159 165.418957 490.659221 B4b1-TESLIM-n35 
165.558277 166.069116 441.917780 A4-TESLIM-n36 
166.161995 167.601633 523.816316 C5-TESLIM-n37 
167.694512 167.880272 490.659221 B4b1-TESLIM-n38 
167.926712 168.019592 441.917780 A4-TESLIM-n39 
168.112472 169.087710 441.917780 A4-TESLIM-n40 
169.180590 169.412789 589.246922 D5-TESLIM-n41 
169.505669 169.691429 523.816316 C5-TESLIM-n42 
169.784308 170.248707 589.246922 D5-TESLIM-n43 
170.341587 172.245624 441.917780 A4-TESLIM-n44 
172.570703 172.988662 662.850554 E5-TESLIM-n45 
173.081542 173.778141 698.449272 F5-TESLIM-n46 
173.871020 174.056780 662.850554 E5-TESLIM-n47 
174.103220 174.614059 589.246922 D5-TESLIM-n48 
174.660499 175.217778 523.816316 C5-TESLIM-n49 
175.310658 175.635737 490.659221 B4b1-TESLIM-n50 
175.728617 176.146576 441.917780 A4-TESLIM-n51 
